-4.564156886374933775e-01,1.429049666001620533e-01,-3.278786238376590889e-01,-4.263162291549838501e-01,-1.868872552042268875e-01,-1.827225640980797428e-01,-7.710914196183590308e-01,-2.609736933506158763e-01,-1.352356086196145224e+00,-7.333285964131960322e-01
-6.850372739171951830e-02,-4.375715597234143828e-01,-1.137996583905394460e-01,6.125010669200092045e-02,-1.999213327290227660e-01,-3.741609376015338218e-02,-1.879880103109273226e-01,6.244282020568002745e-01,-3.603763426085081489e-01,-1.237907199809503145e-01
-8.032557502704318342e-02,-4.681906487461998667e-01,-6.216801631118230170e-02,1.014082306048848664e-01,-1.418833643643728770e-01,-5.216954231570137407e-02,-3.136005760107458129e-01,5.847835067525041230e-01,-2.368474041758297788e-01,-2.573779437259379743e-01
-1.009778784156269565e-01,-4.354989791594598425e-01,8.924459351564653295e-03,3.370896215129999263e-01,-1.440124701081610947e-01,-2.639524199168850980e-03,-4.932857206851812282e-01,3.782266873669399287e-01,-3.515895514413788225e-01,-1.798314166915404300e-01
-1.326523601940778896e-01,-5.608332636620341205e-01,5.584226336329087964e-02,2.359202314041794479e-01,-1.103296094793009968e-01,-9.693292739547411385e-02,-4.825947928819231403e-01,4.004933163546595676e-01,-2.956142070806362376e-01,-1.560164268929603304e-01
-1.631181072553960221e-01,-3.946455354698839568e-01,1.688257176639051671e-01,1.876997980469816973e-01,-2.989357782966824972e-01,-8.633729611304934159e-02,-4.370124207942849281e-01,3.740089733373874736e-01,-2.187401868068762634e-01,-1.909395205666510331e-01
-1.295316596081513283e-01,-3.559725702333627062e-01,1.110016163031656011e-01,8.479693349886531506e-02,-2.411777957181912568e-01,1.353382490589558236e-02,-4.092476244738413871e-01,3.415294586522310549e-01,-1.377327391151251246e-01,-9.372855386262538002e-02
-5.175805066717867331e-02,-4.470094306815980967e-01,1.633059525078393859e-01,1.828364276663013710e-01,-1.166094181471025865e-01,8.257032919883919297e-02,-3.890797445864240256e-01,2.028243421271407332e-01,-8.211910472222015700e-02,-3.127184802003695613e-02
-5.467926566055349158e-02,-5.740583690096873193e-01,3.331034897404634987e-01,3.953048543296849848e-01,-1.246439354095830315e-01,3.056173799944746777e-02,-3.180886784735161843e-01,9.364164899797924879e-02,-1.045109542618667259e-01,7.185463015480003657e-02
-7.285329225190678715e-02,-5.209164310860115998e-01,1.925373032495635572e-01,1.571562635556232879e-01,-2.757207461623890077e-01,1.506291980880497539e-01,-2.527219410148434098e-01,-3.282273540195492553e-03,2.016778072880610062e-01,1.580953038509694264e-01
-1.259918308114704386e-02,-4.481694525332217127e-01,1.409199451042912610e-01,-1.087998898601499759e-01,-3.633769180750786587e-01,2.370634949045220541e-01,-2.312590700797696464e-01,8.465430221381965714e-02,9.845725446537288705e-02,2.235926272511969681e-01
-1.320124318049866741e-01,-4.855866098151549459e-01,-7.923002717926500016e-02,-6.431559544400906880e-02,-4.352467756875951777e-01,3.115320139462655069e-01,-2.122221862559293681e-01,8.792568583689362727e-02,7.248123255016115929e-02,3.014646745752883605e-01
-1.751262214447811549e-01,-5.798608367684033871e-01,-5.055882354333614270e-02,-1.677546609556594959e-01,-4.171444549662720602e-01,3.634444632861837388e-01,-1.370599436529386927e-01,2.153062097826858798e-02,1.144862376705124557e-01,2.075270372478885683e-01
-1.410342205091155432e-01,-5.567958380510765748e-01,-1.280587127818920978e-01,-8.033010821045534489e-02,-2.087269236141993667e-01,5.132240614504326448e-01,3.462465472696105162e-02,3.558758120887969140e-02,-4.256784431904370863e-02,3.749377623107100904e-02
-1.500830054109713318e-01,-2.494459122457255429e-01,-2.606424973411782253e-01,-1.900717407677162407e-01,-3.594312920460002170e-01,4.111204654140562798e-01,1.269304485521283860e-02,-2.710524619339934813e-02,-2.929674881080795434e-01,-3.886064728516763211e-01
-2.528363941216260624e-01,-1.012965017848406896e-01,-2.552034246062639400e-01,-3.316805249340031292e-01,-3.597134896202412446e-01,5.179717168006396921e-01,2.475717738395918910e-02,-1.129019613199035571e-01,-6.302816601106161487e-01,-4.295480475578452584e-01
-3.441619578121701828e-01,2.140940848863371326e-01,-5.267661942429208155e-01,-3.534787000774575194e-01,-4.006473053572540688e-01,5.543274128469282136e-01,1.053949774274522272e-01,-8.057878237280576006e-02,-6.569065592102454332e-01,-5.213514261117599968e-01
-6.100197765122230414e-02,-4.083505460416578248e-01,-2.995050674515369049e-02,3.548299460573566266e-01,-2.017412349009748418e-01,-2.316897203058983570e-02,-2.263718174412407969e-01,3.305136459657150305e-01,-1.241375189603976803e-01,-1.929412660401527979e-01
-5.375747186062349026e-02,-4.810168776672672508e-01,4.666100369771494956e-03,2.613117861570966038e-01,-1.997400639731304606e-01,-2.264065230345460242e-02,-3.604969740712197779e-01,2.194882362824918109e-01,4.249389076269269316e-02,-1.245417832462418634e-01
-5.134198088604025045e-02,-4.553555560983672534e-01,2.746964517140736139e-02,-5.725308621119851865e-02,-1.289415547037427723e-01,8.922612067232978117e-02,-2.608791815069348430e-01,1.808215469927179075e-01,-8.250770585640514188e-02,4.648317937428446400e-02
-7.452174403695004112e-02,-3.173152793787230030e-01,-7.996679877474766052e-02,-3.235441854411372220e-02,-1.787981597630493302e-01,6.826667662065884212e-02,-2.293612484130040097e-01,3.946505543972413932e-01,-9.968216853075562156e-02,-2.354523624492961195e-02
-1.028129480982821753e-01,-2.541344696243387213e-01,3.697015406919612612e-02,1.462517013594284362e-02,-1.494324464945179232e-01,6.986373905917858673e-02,-2.667495332415743547e-01,2.787627441851729393e-01,-1.918928150332566973e-01,-1.364522370644888349e-01
-4.742759845445163741e-02,-2.497321095417864290e-01,-1.762346858344818884e-02,-2.379612839779290598e-02,-1.281653917897621342e-01,4.918051069132330783e-02,-2.977828046320882271e-01,1.678089516198418008e-01,-2.236782745415694662e-01,-1.145359874716820811e-02
-5.367297389725604606e-02,-3.697430066300478324e-01,1.782109683627411401e-01,1.870533445608401138e-02,-1.127663043143309479e-01,1.398727330299547045e-01,-3.503898163364606577e-01,1.956785948136233189e-01,-1.056355108544896337e-01,-3.942615881057402738e-02
3.101993612785997750e-02,-4.133605489522548804e-01,8.098351173574146189e-02,-3.182564089239345306e-02,-8.341769627261623465e-02,3.112516225320232088e-01,-2.415517015581760130e-01,-1.091100689596690987e-01,-2.798668089088477973e-01,1.379906626439438566e-01
7.561278032965454421e-02,-2.776776905460949241e-01,1.254827814064856106e-01,-2.481126675957318929e-03,-1.896787421313183009e-01,1.893856243450613430e-01,-2.627780053528676052e-01,-1.011266386802398953e-03,-1.945507736148169575e-01,-4.029957358356425073e-02
6.970284031046185269e-02,-2.543981407904737924e-01,1.148466255216657878e-01,7.886157324876887087e-02,-2.943165778081813233e-01,1.384811605472318907e-01,-1.137973784080704293e-01,7.693173628945251981e-03,-2.264397881531574064e-02,-6.037993258974540950e-02
1.065553870965975369e-01,-1.535118783708981083e-01,-9.025912515494947941e-02,-2.450102026055232529e-01,-4.215054152265602094e-01,1.703708346585480760e-01,-3.686901766995040464e-02,8.973924690666038040e-02,-6.596595392932057267e-02,6.802989240830993600e-02
-4.323607489022693318e-02,-3.030559761027587506e-01,8.220285775129509108e-04,-1.412352141482863255e-01,-1.493503404711482851e-01,2.321302036615648379e-01,5.195903198372158610e-02,-2.344160306744469402e-02,-2.880121177622885775e-01,7.838285374425824070e-02
4.755651074055637639e-02,3.387786402248236378e-02,-2.428189206455059479e-01,-5.777560322009148153e-02,-2.717495767569697573e-01,2.355037410481028784e-02,-5.110655343430508396e-02,7.114833090472753863e-02,-1.319419376112423714e-01,-9.947133779487053740e-02
7.104982787739630434e-02,1.276594370766636899e-01,3.860830414801766711e-03,3.184176098596529919e-02,-2.828818302512722260e-01,-1.051529284021573002e-01,6.880625538720431568e-03,-1.102763402713296953e-01,-2.565778584589435418e-01,2.179157593331800327e-02
3.950599153884450793e-02,-2.258583802060441792e-02,-1.009890739647011093e-01,1.551546203462068618e-01,-2.360725725127206243e-01,-3.832093563108525669e-01,-1.356514203743289237e-01,2.482227105277788962e-02,2.924305357009731546e-04,1.380539851803172513e-01
-7.092743477882153258e-02,-4.261058655823955071e-02,-1.547497265724035731e-01,-1.169103914649449044e-02,-2.278455384999715228e-01,-2.487631382070396857e-01,7.789932415607853100e-02,2.187257208000360775e-02,2.729919563734027332e-01,1.080005016640458726e-01
-1.250016526132986527e-01,-3.188431217045749611e-01,7.728787479748824851e-02,-1.993635865587551070e-01,-2.036928186989137302e-01,1.687434616696097400e-01,-2.374190340689190104e-01,4.042826166556365841e-01,6.382302131990121030e-02,7.226219341994642720e-02
-1.405949076299179978e-01,-4.786593056014126213e-01,-1.457949053056586952e-02,-2.493073851322898937e-01,-8.443055980002986405e-02,1.222583309588414074e-01,-1.626049560040696562e-01,2.045196744671700095e-01,2.391305641950789707e-01,1.992226574300905717e-01
-2.315196322834054896e-02,-4.339484007969377499e-01,-1.198302508953524442e-01,-3.523566759882152399e-01,-8.542320098395972394e-02,8.353584626218946152e-02,-1.432444247681161353e-01,1.364729138179094636e-01,1.334868817543057584e-01,4.063996277842731319e-01
-1.723279151918826954e-02,-3.536365737876098758e-01,-1.137266785569120420e-01,-2.669714052125066739e-01,-1.240775997634787770e-01,1.072055937619565691e-01,-7.446702750102614232e-02,1.951484671633176293e-01,1.288568514044590163e-01,9.502611835046971545e-02
1.680673208239181690e-02,-2.637035910454459953e-01,-1.600980255431182220e-01,-1.595073275061378582e-01,-1.737036737610875570e-01,1.835862024690560965e-02,-4.347850614052198304e-02,2.855075697290151981e-01,-1.310013759189732618e-01,4.822112831383003340e-02
-3.680117812301868349e-04,-1.759760172382008048e-01,-1.619614713537407755e-02,-2.067005091799109795e-01,-1.768207716006886254e-01,6.228224149431307172e-02,-1.315847713422921283e-01,1.676215729445824920e-01,-8.215602743687130949e-02,9.715984212151382304e-02
5.200872285582097687e-02,-1.606494464771030528e-01,2.209384789779251720e-02,-2.352856572551454972e-01,-1.124467004162305606e-01,-1.012437898040284417e-01,-3.557372060014280524e-01,1.653979635588844754e-01,-1.122038614347742880e-01,2.331152414355371905e-01
-1.113619102643940637e-02,-6.940655578455111330e-02,-2.422982869242854692e-02,-2.636819809089346878e-01,-4.410320114961991875e-03,1.026320498504970646e-03,-2.143209193084120445e-01,1.239739129511803623e-01,-9.100136311802022038e-02,1.198477671762192831e-01
-8.525509555398412542e-02,-1.590195828166043324e-01,-1.672979468633874894e-02,-2.292182756320813863e-01,-5.844738295543222550e-02,-1.602041230952893081e-01,-8.832023456423865326e-02,1.572411134957060197e-01,-3.277472328130582868e-01,1.092670458931086636e-01
8.860281882368231665e-02,7.068563476921503608e-02,-7.180985986153681777e-02,-2.179962550704061912e-03,-1.520382179300670544e-01,2.028524064210574310e-02,-1.313496009409245158e-01,1.119825514869290245e-01,-4.206874538536827246e-01,2.226618908763149454e-02
5.429047835594970339e-02,-5.263523128731341372e-02,-9.478631047269404919e-02,-1.288689587201899689e-01,-1.029249942891290182e-01,-2.105187989770741230e-01,-8.821193308629327046e-02,8.939166920429691965e-02,-9.358491651668032069e-03,1.234598188910934063e-01
8.930162918573895936e-02,-2.118094551291997696e-02,-1.465281293129898077e-01,8.428683363250012717e-03,-8.758430663117702797e-02,-3.091505354016365614e-01,-2.782782901435140732e-01,1.983075968903926997e-02,-1.661544212295461009e-01,1.406187890443149069e-01
1.600276814428948091e-01,1.288666974054825387e-01,-1.346384211353404692e-01,-6.160725252932831159e-02,-2.184065461043581124e-01,-3.440293780924778555e-01,-3.736739342399377217e-01,3.094020912591602737e-02,6.720229602732608054e-02,2.531953486251643515e-01
1.422674488500010881e-01,1.041759202651762195e-01,-1.803976246593202437e-01,1.499389339685555378e-01,-3.568669012347823744e-01,-3.543216516207035593e-01,-3.600588799369421888e-01,7.872960353342103867e-02,-1.213229195821574208e-01,1.896311381771249860e-01
1.626835110135299300e-01,-5.322239298782354550e-02,-1.065557821444316610e-03,5.568828293188374245e-02,-2.533834901510604309e-01,-3.965063385695616893e-01,-4.580947851245112390e-01,-1.493407551853775383e-01,4.216229748087703122e-01,4.333306385820920315e-01
-7.233500163531633720e-02,-2.287762023418862256e-01,1.506701234377982868e-01,1.194145300868759974e-01,-2.347622249724077292e-01,-2.861488948390235043e-01,-2.053957693914229277e-01,-9.050360159069682775e-02,6.480915561402433855e-01,4.594894821610389091e-01
-2.143312857158604853e-02,-2.113654474709830977e-01,7.744681111041301809e-03,-3.931439144145157383e-01,-6.504472176613086687e-02,1.304139102688517959e-01,-6.771551338581903445e-02,5.059363690910144429e-02,1.134375861108956607e-01,1.005415848481145125e-01
2.936087056713826762e-02,-3.616836074188907180e-01,-1.608589235485208824e-01,-6.210354346567777961e-01,-6.051455043456702848e-02,3.944053375421663343e-01,-6.546405089274319467e-02,-5.201860528786569210e-02,2.669436878476227348e-01,3.350080817396263733e-01
-1.156915485920157263e-02,-2.838330934959382712e-01,-1.239769849003722751e-01,-3.801880996173656602e-01,4.362666534650342515e-02,1.783849856152759095e-01,-1.686515387686138845e-01,-7.566269432684365366e-03,3.595547330235498440e-01,2.126790760918249035e-01
4.494843803137797689e-02,-2.736399829313201915e-01,-1.228310799799942760e-01,-3.833244839015636507e-01,-1.732496273588424174e-02,1.835256938513082359e-01,-1.006476960406745003e-01,7.814537182574304852e-02,9.052102672541541273e-02,1.467079241408530965e-01
-5.012757428219892508e-02,-2.349862464751669155e-01,-1.614892144287223275e-01,-3.042894392158397854e-01,-7.201203300691705333e-02,1.572527795490806790e-01,-3.416226782387289662e-02,7.200453618433717839e-02,9.626117739364037362e-02,1.454097667376886838e-01
6.513080036359261693e-02,-1.413632549654654791e-01,1.428876970060465323e-01,-3.137104849529164796e-01,-5.907457351331814321e-02,-5.223892150641843563e-02,-6.574381366181306086e-02,7.127053678608684384e-02,5.617710707050868092e-03,1.193863896549973158e-01
2.837236678408613239e-02,1.299162500763095529e-01,2.407534362563605937e-02,-3.565400892580595227e-01,1.109461438537855289e-02,-1.259528175348967050e-01,-1.613480761977949818e-01,-8.948910540298161270e-03,-1.237937468091987875e-01,1.732831456980158183e-02
-9.051363781124338592e-02,2.657307754955029466e-02,-1.502144592791446465e-01,-6.669232791267996896e-02,-2.873150446937179203e-03,-2.419249030317901228e-01,-1.202054126513231597e-01,1.082280530862988061e-01,-1.575815169368468271e-01,7.926654678638823948e-02
-1.356959257292710275e-01,2.141411212987819335e-01,-1.624782040806587169e-01,1.386713665223519854e-01,1.822118683717938170e-01,-3.728714340313917242e-01,-1.104971325636587010e-01,-6.323880400166062565e-02,-1.337760877344920107e-01,6.799316531380453221e-02
-6.860807403328589293e-02,2.320870641728943473e-01,-1.369006652684296443e-01,8.610093620232520117e-02,-2.622148837252992557e-03,-3.908882456686832430e-01,-1.097814504052877366e-01,6.094509708811979287e-02,-4.100128743740453219e-01,1.587675110972378012e-02
-6.116249257127150812e-02,1.303173103092708229e-01,-2.074350860003800964e-02,5.210313450611472191e-02,-4.773275449224852196e-02,-4.705281267569978998e-01,-2.031576547594952098e-01,1.283534148263869024e-01,-3.317903656058555639e-01,3.287291892359346657e-02
6.076028402588059402e-02,1.226149074726110427e-01,7.000346359730554024e-02,7.047879912632843379e-03,-4.381693197081171220e-02,-5.488053168564264173e-01,-4.244034955155279176e-01,3.288645116743255797e-02,-1.175142422608540932e-01,-6.328456589563928592e-02
6.014565871182827456e-02,1.493814993102619282e-01,-4.255645107059376903e-02,2.995300168683107805e-02,-2.426448004657827118e-01,-5.153470905262473867e-01,-3.540472597565596513e-01,1.574310798348038665e-01,4.603541237923759050e-02,1.307202313237546820e-01
1.944790577234075946e-01,1.807299669393790942e-01,-1.456552874000446862e-01,6.200891853777552865e-02,-3.445823004960435476e-01,-5.812814768742933236e-01,-4.446542031506145465e-01,-1.184026524093026445e-01,-8.131197017738759844e-03,2.534698953927368437e-01
2.691762129979134999e-01,-1.466598645540072299e-01,3.009824106919514741e-02,1.937717340497604190e-01,-3.291305835793012502e-01,-6.653185733706098448e-01,-5.271873502878439144e-01,-8.020206869867177457e-02,1.538252297907302113e-01,4.901953055736619769e-01
2.013921657901140694e-01,-1.902452092703812991e-01,2.109592118938436178e-01,1.008968989853524165e-02,-1.599187254683589743e-01,-4.602985976099623344e-01,-3.489798157159920700e-01,-1.064109311871510311e-01,2.160984246751583016e-01,4.234507543034334853e-01
3.419639316615178531e-02,-1.449629074736547285e-01,-1.497780547105382609e-01,-3.893620888327317120e-01,-2.656294630550857204e-03,2.879125613251168336e-01,5.348031246528187066e-02,-4.097712860068369878e-01,-4.392612964580459162e-02,3.349705097532440501e-01
2.175858431705600393e-02,-2.270240660382849274e-01,-3.346010183021582152e-01,-5.232599390177498089e-01,9.923779811856385524e-02,4.478619077895009681e-01,-6.383694947372295370e-02,-5.122484360583077212e-01,3.118154834447250945e-01,3.056380486374222771e-01
-4.434288383335137362e-02,-1.796918521488799492e-01,-1.835814373434471458e-01,-4.901502958589895598e-01,7.257782131265927417e-02,2.533898903318509421e-01,2.618149659352845757e-02,-2.340065512105203860e-01,2.973427307751213555e-01,2.171377111352756351e-01
6.105331577267187476e-02,-1.115813449111056205e-01,-2.034662927081731243e-01,-3.257553087392446867e-01,-4.813673790287201909e-02,7.969835115013909621e-02,1.432570477090171560e-02,-1.372933318759541332e-01,1.112289666380744668e-01,4.384925170128012861e-01
8.658920364650748991e-02,-1.515846357028123315e-01,-1.831372905333760737e-01,-2.412581976805489303e-01,-1.089127837092972034e-01,1.248833410757104329e-01,1.214589182724618299e-01,1.446788977933166791e-05,2.118087612493389227e-01,8.829020950838332993e-02
9.631346478281486989e-02,-4.021739264522428137e-03,-1.238012061383949869e-01,-1.081717404542571898e-01,6.275990644614558300e-02,-1.008380051303702091e-01,-3.821758409993961103e-02,-1.393562914286776977e-01,1.350762565733294174e-01,3.043722107917233299e-01
-1.456689165737845293e-01,9.902654938239179028e-02,4.325112843687135833e-02,-8.541833829259516675e-02,4.445535696600034364e-02,-3.083313224837784805e-01,-3.999028219833312969e-02,-1.210574292439277194e-01,3.973287239598535109e-02,4.315902294868356748e-01
-2.254312073395815519e-01,1.702614863644932308e-01,-1.311712949473757828e-01,1.333420807361963278e-01,-2.845393988878521657e-02,-2.118906581246239595e-01,-1.998201540833393630e-01,-1.106172366624272874e-01,1.343077037205002433e-01,1.562337763138137159e-01
-1.738261126895853936e-01,2.613556952770203501e-01,-3.078867687180034118e-01,1.848356053250899134e-01,3.264226466614077171e-02,-2.707918452208063487e-01,-2.437283525956693286e-01,-1.976987426114167057e-02,-1.843276816774234300e-02,1.068274544994850944e-01
-1.467887796930146815e-01,3.262279058432409617e-01,-1.691354852973091516e-01,4.530349057519449801e-02,-9.030006781924978035e-03,-3.571030833941622462e-01,-3.032140258076284622e-01,2.149990443158331099e-02,-1.240956643932926012e-01,1.641145941398135522e-01
-6.175778127165467563e-02,2.006884596111268848e-01,1.237109120060875395e-01,-6.293416760574795446e-03,-9.908727381044415972e-02,-4.125755556184814710e-01,-4.561533689635557942e-01,-5.200175664946079385e-02,-2.223954911109111976e-01,1.989815522855085117e-01
-2.140970829956859722e-01,-2.432172294918206676e-02,1.320424207926213789e-01,-2.617720844633641616e-02,-6.683892242788232185e-02,-4.154086086904197339e-01,-3.976204952071742960e-01,1.945540500916660524e-03,-4.352538209506301436e-02,4.918122510798885183e-01
-1.682024831003848253e-01,1.310506877040470419e-01,-3.727487983487522832e-02,-5.723496979230308090e-02,-2.241069119502457074e-01,-4.002562705700206114e-01,-3.651138826760924050e-01,1.444099385094137038e-02,1.246423943226745851e-01,2.744429235505149167e-01
1.695021593571597041e-01,2.740749332048317971e-02,1.235960799780578580e-02,-1.650433187391689427e-02,-1.634684143639763554e-01,-5.879795979824395946e-01,-4.259146413928182606e-01,-1.841664051724261619e-01,-6.425611056963595469e-02,3.890326317425206182e-01
5.278514806106237023e-01,1.573437708252657316e-02,2.417986718224076834e-02,1.445469872313455764e-02,-2.634844570247187323e-01,-5.846852717322269521e-01,-5.408545440563486961e-01,-1.228648656695877084e-01,7.306932590246886794e-02,3.949737580730666164e-01
3.786968109078912570e-01,-1.333235807470489198e-01,1.288716928103580614e-02,-1.888454689200092518e-01,-5.624553081134383431e-02,-3.573926400799342096e-01,-3.727058859862591444e-01,-7.838014810274636368e-02,3.307900010286791703e-01,2.728053973875280147e-01
8.434280029827341540e-02,-1.208654147116654254e-01,-2.511044387850461246e-01,-4.402637841770062344e-01,1.526467674414469511e-01,1.982142793504202138e-01,-1.230424820154633891e-02,-4.442418615130729886e-01,-2.687622310203938714e-01,2.859709552178387182e-01
5.511728825267418752e-02,-2.189160394174892998e-01,-2.894780979092789752e-01,-4.890742951896036028e-01,1.071591982934444742e-01,2.653852595804442327e-01,6.940516448887562584e-02,-5.369817278829103202e-01,-2.620412762358810821e-01,2.192696786025392919e-01
-8.641245476719834617e-02,-1.266211813484069970e-01,-2.734888064555856535e-01,-3.792172098604525421e-01,-1.955246212051820268e-02,8.056233403870727283e-02,-6.730779502934627900e-02,-3.595663713007551388e-01,1.243935818310217961e-01,3.845152565700559744e-01
-4.504170931497381708e-02,-1.361084492920524858e-01,-3.428579399469899314e-01,-3.256606713164221789e-01,-1.144843016219429660e-01,1.685267117653882762e-01,9.673555076943922415e-02,-1.651713985092068404e-01,1.779388797336615979e-01,1.613322411881844554e-01
-8.309898757568343064e-02,7.377927665937882018e-02,-3.879033733768627035e-01,-1.569507128983106681e-01,4.381646771062917139e-02,2.184677183795958322e-01,-1.519890599264887565e-01,-2.423928619326342349e-01,1.719168888943146123e-01,1.535212607984123845e-01
-6.087622232735763472e-02,2.599209302728918702e-01,-2.875255389915308268e-01,-1.149207501595251868e-01,-3.023031422188128883e-02,4.164301099524411742e-02,-1.241534061791624705e-01,-3.055798042837358786e-01,2.469826488815881904e-01,2.041739488154841464e-01
-1.817256968808818041e-01,-3.225770591263446563e-02,-1.238445264900127490e-01,2.783166819944558612e-01,-7.737916248150836229e-02,-1.004962765075292641e-01,-1.743970070418708884e-01,-3.124332434775355938e-01,3.694048018781619369e-01,2.204543877019997725e-02
-1.970731993800106663e-01,1.183406022787276135e-01,-1.589751451251418812e-01,2.061021986059938804e-01,-7.473182506384622170e-02,-1.296734627548236374e-01,-2.029394705043502389e-01,-1.202441276903013084e-01,3.351980572248837165e-01,-7.863640956367283497e-02
-2.622898896182354056e-01,1.894265361080291754e-01,-4.281054731303938349e-02,1.019883641026405052e-01,-6.171209065415349249e-02,-2.132807789594597658e-01,-3.756163609354935540e-01,-1.194724836478203711e-01,1.128037510038099600e-01,-2.313777479526052394e-02
-1.572093531182701676e-01,6.750681216086562575e-02,7.365925809505630140e-02,1.927593446928110507e-02,-8.159237451041599642e-02,-2.065701328847514284e-01,-4.261543657956186060e-01,-1.672268899473448867e-02,-6.499860450269337106e-03,-2.311859938909079440e-02
-1.028872615010878039e-01,2.080765552460675516e-01,1.121373810950513500e-01,-8.060359101779303315e-02,-1.826537283582531090e-01,-2.275042419437252883e-01,-4.273939065165268114e-01,1.582564306865048148e-02,9.480548203515430650e-02,5.782411328414137353e-02
-1.385112589631605773e-01,2.054167153053939321e-01,-6.574975581843309214e-02,-1.287083994750321814e-01,-1.980863512748257949e-01,-1.876525730766484268e-01,-3.506797243634523498e-01,-1.672462849081801928e-01,-1.539296635892939760e-02,2.822729854938379468e-01
-2.219094158036110376e-01,2.751414136302697822e-01,6.709863062618570684e-02,-2.286847688700625880e-01,-1.979824445920888021e-01,-1.561124782947513057e-01,-3.508637478114619013e-01,-9.585490578685970653e-02,3.753197530894839679e-02,2.193321349542481091e-01
2.086454947479579602e-01,3.308885630265403360e-02,1.667056145484500096e-01,-2.442863057924657411e-01,-2.684361577043744770e-02,-3.391456047072493596e-01,-3.614448937370341453e-01,-1.237033215773969824e-01,-1.712075125222157768e-01,3.368666491737127844e-01
6.015878724193834959e-01,1.262774419988551278e-01,-1.538526496668910643e-02,-2.103152739052097653e-01,-2.203294350793303102e-01,-4.644688999558896914e-01,-4.832058911464561790e-01,-1.774019953957051837e-02,3.529474716109026050e-02,2.290223346996750342e-01
5.476808728987838659e-01,-6.567853366420875472e-02,-7.780102421160260684e-02,-1.745464706395276067e-01,-4.823929131244600321e-02,-3.335198378040573064e-01,-3.539033646925885401e-01,1.045744847283150425e-01,-1.101900764609400722e-02,-4.335654925286221151e-02
1.763777202650169407e-01,-1.397848718269426027e-01,-2.759941762882371363e-01,-3.360110013026652021e-01,1.876614223430929929e-01,1.606979511311252412e-02,1.357288743394154985e-02,-4.119198458990888656e-01,-3.709147751037608076e-01,2.433211842091314581e-01
1.546683786203774912e-02,-2.744399347129425903e-01,-3.034438906994073037e-01,-3.394621869181025375e-01,2.424783965357441839e-01,4.886062134002606278e-02,5.276058082425422874e-02,-4.346051567141630545e-01,-4.279303799178708068e-01,2.365092007675705377e-01
6.574860442873056710e-02,-5.478638526837938810e-02,-3.675670851057101784e-01,-1.693153714743038107e-01,-1.395720645704072171e-01,6.669229452223014720e-02,2.590771574523462531e-02,-2.426775982107677310e-01,-2.835043146951936599e-01,2.712348077039031802e-01
-1.305301435364583929e-01,-1.343543707345862433e-02,-3.840872753924647331e-01,-1.299548642456537506e-01,1.476192075572562989e-01,1.017238724216065759e-01,2.757731966861647760e-02,-1.594025281072747047e-01,-1.881295781923972843e-01,6.286397647666244759e-02
-2.718453816430535519e-01,-1.797295785825572118e-02,-4.612999648140440612e-01,9.534472218226017551e-03,1.857447216333767137e-01,1.655051676127439475e-01,-1.813572717830354460e-03,-1.317800281311848343e-01,2.992426250178702521e-02,-3.042279578968003564e-02
-2.807004979221013330e-01,-8.476258905667199625e-03,-2.950510527344393230e-01,6.525986910558066734e-02,1.991836220699350068e-02,1.640258400931362825e-01,-2.572298555745876070e-01,-1.771990065888184029e-01,3.756044613224407969e-01,2.281062338272635964e-02
-3.496932758654002771e-01,1.975209374107073923e-01,-2.365330427708156880e-01,1.582275561765420224e-01,-9.524245001006546862e-02,-6.458242680224680898e-02,-2.150129291086242955e-01,-2.863886825359821531e-01,3.280167444351837491e-01,-2.577791061557280564e-02
-2.844302925649561664e-01,1.504190720440279350e-01,-1.472756319042959894e-01,6.951412630844998330e-02,-1.098760988909883024e-01,-9.115247651964501763e-02,-2.717102713534828018e-01,-8.034045251523923292e-02,5.635782779254414065e-02,-1.708895504702087342e-01
-2.108810168437508237e-01,2.338981804726630032e-01,-1.859669193953389921e-01,2.349785816124305149e-01,-2.322990032706130636e-01,-1.988270379314624747e-01,-3.498294220955838751e-01,1.274171304270753022e-02,-1.979371570867631980e-03,-5.282078734435539935e-02
-1.663705788659041174e-01,6.400408060186434100e-02,-9.516587162912834574e-02,3.354935144534328811e-02,-6.917588739731085623e-02,-1.708066365800011421e-01,-2.437383246470668785e-01,-2.182515101056867884e-02,1.445194106161114544e-01,-3.609499567157278019e-04
-2.507921202866336130e-01,2.146591597226518364e-02,-1.322883662051978215e-01,9.832844176884499021e-02,-7.907047880691987773e-02,-2.517360380756361593e-01,-1.140524895687922841e-01,-3.759394147817321508e-02,9.031173697812087953e-02,9.442400003544000608e-02
-3.320827558190877493e-01,1.657425759221772821e-01,-4.342413225681903549e-02,-1.646324867464163955e-01,-1.528383127085160553e-01,-1.367093557070985510e-01,-1.357155327358406938e-01,-4.867120567648192120e-02,-1.737570815760048487e-02,1.490384645902988192e-01
-2.929112751065902631e-01,3.012711509370230578e-01,-1.869953523808499246e-02,-1.830388166251340765e-01,-5.198424513111707737e-03,-9.105424185423746652e-02,-1.132880778156392931e-01,-1.372212537763240481e-01,2.902036412602619370e-03,1.014745898456629047e-01
7.914983345852528995e-02,1.676651402169388183e-01,1.327539774237036264e-02,-2.757629795788946181e-01,2.747007202452251412e-02,3.374645091583099860e-02,-1.456042178285059663e-01,-5.975939894564506749e-02,1.216088184350018336e-01,2.795861896417488612e-01
5.205762513737681729e-01,1.359842093722840040e-01,-1.422933009737721854e-01,-2.602536574587970275e-01,8.538905281044562035e-02,-1.672376105161111071e-01,-5.274996753043356135e-01,-1.395603820616957980e-01,-1.064906142771658709e-01,4.037019779761046034e-02
4.091506966386596056e-01,-1.510691644706478320e-01,-1.755839897283652251e-01,-8.210678901135018415e-02,1.413133560951967092e-02,-3.364307014237397642e-01,-4.564858542940111730e-01,-1.971398863259252177e-02,-2.005962595549695138e-01,8.769900131123348208e-02
1.901961556039682144e-01,-1.922506116781817764e-01,-3.148818422977299747e-01,-1.324386754737057192e-01,1.775526598025503611e-01,-2.156009204674059002e-02,1.680186189909220473e-01,-2.165229850487826735e-01,-3.437614930801808355e-01,-1.765614606905501760e-01
6.162277128355383299e-02,-1.382591807836737741e-01,-3.727465315824764480e-01,-1.136877024104915035e-01,1.197986834227078717e-01,-9.619628148260948863e-02,2.523673727089616459e-01,-1.842784895991417260e-01,-2.942684420651729416e-01,-5.134014075686740147e-02
-4.921480895562228841e-02,-7.044047686771739980e-02,-3.657072903505322325e-01,-6.572051103229283042e-02,4.645810878797661941e-02,4.835041592947444261e-02,3.944959593886240151e-02,1.580839190137821870e-01,-3.230892317615601250e-01,5.778653912683568566e-02
1.508714359945092023e-02,-1.485065124483367360e-01,-3.213624844321046892e-01,6.022520440536662661e-02,7.297536962223724610e-02,1.093276656858066243e-01,-1.187729737838379672e-02,1.912404641479724943e-01,1.569460933865931274e-01,8.836926729061328478e-02
-1.606191492287192268e-01,-8.160184409870260835e-02,-1.977468785219481939e-01,-3.337049340946702538e-04,1.916928936977336378e-02,3.535449564434825498e-02,7.976793291859199820e-04,2.317660531998931572e-02,2.083432411536946249e-01,8.249880036804793648e-02
-1.730991558826938670e-01,1.170518623502273536e-01,-3.763470060277187557e-01,-6.771847437275019255e-02,-1.037313526865632635e-01,-4.378101757507732450e-02,-2.674114456299999873e-02,-6.836508478423912460e-02,3.603556316046849783e-01,6.166558399850800842e-02
-1.929517457201092023e-01,3.450213524811762134e-01,-3.373069860245627716e-01,1.411045692094256565e-02,-2.954802248955641364e-01,-3.417163495021471875e-02,-1.711084199794603578e-01,-1.864572455552696711e-02,1.560948781679050712e-01,1.008264386859626105e-01
-1.315210217320111341e-01,2.233276184130638942e-01,-3.087434659195948394e-01,3.677649508820392266e-02,-2.399173072240020077e-01,-1.015489367679781596e-01,-1.264909256296035123e-01,-1.976383885532433105e-02,1.709180989987437727e-01,-1.008422852252448265e-02
-2.583623928960245286e-01,1.831063509567262271e-01,-3.660419158206117962e-01,-4.005934808720326007e-03,-6.506215520222727311e-02,-1.187133962063898901e-01,-4.984275191315098302e-02,5.262119567540977927e-02,2.368997075609626801e-01,-3.086577393223522564e-02
-2.536831554173678005e-01,1.009164882678580955e-01,-2.351596092600977683e-01,3.143851184799850013e-02,1.768740829814770916e-03,3.842720662129771314e-02,-6.681469880788701299e-02,-1.645346276494236148e-02,1.338060396427474541e-01,-6.877481505617621949e-02
-3.587166232484974016e-01,1.449977745837033039e-01,-1.516586899191960658e-01,-2.447510521819497853e-01,9.803644617860167790e-03,-6.412712879596457749e-02,4.800001756434051775e-02,-1.664091176149606541e-02,3.385847445883505280e-02,-4.505926722149014574e-03
-3.222232493086796823e-01,2.082824383041165794e-01,-9.130463864214155567e-02,-9.197285069883584518e-02,-6.596667665875884448e-03,-1.642184816621669874e-01,8.639687381767885421e-02,-1.667705313667564027e-02,5.527071451047895802e-03,1.663578587820429555e-01
-1.405546056028437185e-01,3.412739163256693908e-01,-2.463155136160087022e-01,-5.717517586896969650e-02,-5.754382168681388549e-02,-2.093921772532876258e-01,1.458653646287797478e-01,-4.546180354643605120e-02,1.255110786712166360e-01,5.524343674441477281e-02
-5.456722946685031023e-02,2.001889629696725625e-01,-2.205004045160690318e-01,-2.913855004844696506e-01,1.327426711543925608e-01,1.707192543185887673e-02,-1.963783234805847322e-01,1.603506968114767894e-02,1.564728372870230824e-02,1.656437783015994591e-01
3.151270799862801453e-01,-4.413663455363358440e-02,-2.104443007709706492e-01,-2.478741548080677926e-01,-9.446725175348158476e-02,-8.161301686194991079e-02,-3.409281890871249665e-01,6.908445740068340502e-02,-4.873929377853348788e-01,3.961542058428006025e-02
2.811688626642935285e-01,-2.262383378050924210e-01,-3.252079527433097139e-01,-6.229201950353906170e-02,3.809996364301068000e-02,-1.511055865948230104e-01,-4.187406782172736763e-01,9.456745665206087170e-02,-3.579080540041463809e-01,-4.192873214914403374e-02
2.897347179773833714e-01,-4.358901102321478122e-02,-3.796714093375435639e-01,-2.093421056010788817e-01,5.288302471493914331e-02,-2.080936259559972579e-01,1.768729906646467898e-01,-4.793121139441450240e-02,-2.244435057284797641e-01,-4.694347380746491383e-01
1.922721202232372528e-01,-3.023643877987885475e-01,-3.404345592949554189e-01,-2.238038289870948883e-01,3.076187916379187759e-01,-1.681846408257594017e-01,2.019985328391645518e-01,-9.114194928448737798e-02,-8.115043616791867143e-02,-3.563171138481076028e-01
-4.170236795063737151e-02,-2.317475572591491673e-01,-2.354049998057798354e-01,-1.275090488236107489e-01,2.255477888193057612e-01,-9.923880070488413918e-02,1.293024007564712308e-01,5.133801178739462456e-02,1.632131750667806802e-01,-1.160996223907549141e-01
-1.394699557147639490e-01,-2.671293907127101352e-01,1.723104885651307455e-02,-8.792181028778614515e-02,3.161457359023133185e-01,2.996836631585578226e-02,8.211801272692745290e-02,1.074223080439272032e-01,-9.007761159491649294e-02,-3.089603269077110387e-02
-1.177972983222395076e-01,-8.599747100394715404e-02,-1.890625907533498851e-01,-1.017727898030931777e-02,1.825517853072973484e-01,7.830141449394763253e-03,1.032552364950010820e-01,2.997437421412592687e-02,1.516946631125546952e-01,-8.332966639877167903e-02
-2.566580738979321041e-01,2.057633244005328543e-01,-1.990957494386510207e-01,-6.127816475972042848e-02,1.636713642966734078e-02,-1.020066249924979906e-01,8.181609067061386409e-02,6.042765828139135681e-02,1.239573824172524596e-01,-8.038351864842491201e-02
-2.083168573848593330e-01,1.868363561895439728e-01,-3.015976051990724716e-01,-8.163543588187950617e-02,-2.274246221949318136e-01,-2.268044528640661139e-01,5.441791938018998576e-02,1.451734758739097186e-01,3.579384589267531336e-01,3.188050928995334043e-02
-3.125767409526344354e-01,1.696285905635480096e-01,-2.702304425153137513e-01,6.316906820070289363e-02,-2.267083780416296879e-01,-1.591633985995836997e-01,-3.759694173054559108e-02,9.259224952432394684e-02,3.831703415655880463e-01,-1.589613703448257143e-01
-4.014491320932769836e-01,-1.018605123714201727e-01,-8.530495459665771163e-02,4.947841794814179101e-02,-9.994473503551577764e-02,-2.209359552233784718e-01,5.662501145292905824e-02,1.441476670064204824e-01,2.024158278465463812e-01,-1.635396505693967328e-02
-4.867750358998166327e-01,7.676137817506910321e-02,-2.533735673918691145e-01,1.014317218136947113e-01,4.022155828626731815e-03,-1.317376987282967427e-01,3.732503682999474548e-02,6.032779762448613886e-02,-2.989872141163699149e-02,-2.088200876862275901e-01
-3.687945114902052568e-01,-8.155861569600966754e-02,-1.323407218876541114e-01,1.632132956586459377e-02,-3.641899197793230236e-02,-6.849522718966816193e-02,1.188093684175287046e-01,1.202801409992929754e-01,-1.615604305525000089e-02,-2.352635443084154510e-01
-2.653483254865854346e-01,2.262543466999717562e-02,-2.414472292924741692e-01,9.401883910211282502e-02,8.911952842050704926e-02,-1.727408392804223591e-01,2.997079754371751587e-02,1.924592345146036720e-01,-2.578399537193947766e-01,-1.581200910001439031e-01
-2.078695453159728201e-01,1.160271980157648042e-01,-4.135011070206823236e-01,8.355840987608491310e-02,1.170710639751856158e-02,-1.156502766671710231e-01,-1.775425335966957785e-01,1.285382001755819015e-01,-7.436047885489423248e-02,-2.530141647582356268e-01
-9.504543490973232922e-02,-1.079465956363180462e-01,-3.804373303203017476e-01,1.400411430601426199e-01,2.822599852052774527e-01,-1.482922664345169006e-01,-8.331540981286089664e-02,1.264944216512995379e-01,-4.251753113904729320e-01,-9.337625881538184902e-02
1.534799123417883160e-01,-2.715619878118796793e-01,-3.669432238462887463e-01,4.442405490925262906e-02,1.501004448764589050e-01,-1.473747844233918303e-01,-2.084653529471482969e-01,6.190799673872972309e-02,-4.956973681496529283e-01,-2.592055794487088671e-01
2.234548624308182740e-01,-3.005983571128794662e-01,-3.088487589861075855e-01,-1.005242378386012186e-01,8.136521524594589327e-02,-5.297760274282489745e-02,-1.563414352526097395e-01,2.104201906957557378e-01,-3.878901783481177867e-01,-1.407077191635262847e-01
1.762043687555189808e-01,-2.319286141968944781e-01,-1.249008422718583255e-01,-4.000594535123634388e-01,3.122484118244103768e-02,-3.942830283077125020e-01,2.272639468257205697e-01,-7.520508520328918201e-02,-7.676940564110565357e-02,-4.646800782901873150e-01
1.993479468884822303e-01,-3.340538653499626198e-01,-1.583716750581339872e-01,-4.850805322404974640e-01,2.621282559610654816e-01,-3.543730090275049593e-01,2.793945222971908060e-01,-1.116148652048742571e-02,1.900347902169868819e-01,-5.151529267063533757e-01
7.955645288642497481e-02,-4.633909481787680806e-01,1.177078213060847311e-01,-4.039312566129977800e-01,2.633354987053604379e-01,-3.244591524739176003e-01,4.961333041580163195e-01,1.472692622522406847e-01,-9.275133650260035389e-02,-2.676622960805196128e-01
-1.050556821469234015e-01,-1.562866964976248330e-01,8.600313818638638530e-02,-4.222370428298956035e-01,1.594504883839595599e-01,-1.910522069894048103e-01,2.376515459544751852e-01,2.290979937405323297e-01,1.722801394659886215e-02,-1.675965398736776191e-01
-1.303417172301173099e-01,-2.018980766199142841e-03,5.695606583012263052e-02,-4.477301212442473810e-01,1.468007599027071897e-01,-1.370782398437410954e-01,1.053911816163206616e-01,1.574403634157923171e-01,-9.421881663510493776e-02,-9.303055064932895524e-02
-2.294217194517663982e-01,1.156736134357139734e-01,-5.256460215036969086e-02,-3.147415928599649471e-01,-3.753401376992331062e-02,-7.838690774423882901e-02,8.989056799083579297e-02,1.023030058852663626e-01,6.979894190326232928e-02,-1.118299415630304439e-01
-2.797397599915355526e-01,2.362494464845089348e-01,-1.079262828879461872e-01,-2.234639517247846985e-01,-1.463021392581957125e-01,-1.607348077318675461e-01,4.499340294305444188e-02,9.225683787246280465e-02,-3.630004922523363126e-02,-1.282509746661083250e-01
-3.213731134196971539e-01,7.062228417986533835e-02,-4.053458202354803114e-02,-2.237214236520830846e-01,-2.151880112458831040e-01,-2.071738526733501451e-01,3.657284974925289339e-02,3.720367423796563933e-01,-3.124928423523247456e-02,-1.742417467114533436e-01
-3.789583425918412463e-01,-6.758026204270350945e-02,-1.304717516272496103e-01,-1.208556452490762295e-01,-1.348941634453261484e-01,-1.513751180612734337e-01,3.752305528346789459e-02,2.791345135195694716e-01,1.626946753533192180e-01,-2.642260649696359653e-01
-4.070600360601731582e-01,-7.179064217087984499e-03,-1.768038350000470937e-01,-5.966098597883200128e-02,4.050792898721942287e-02,-1.221087242848317711e-01,1.534651333817394214e-01,2.172008357436247816e-01,1.419363660320172305e-01,-2.622707930485088657e-01
-2.607156051624592297e-01,-1.285306850787536204e-01,-4.461982152791088008e-01,-2.221206250129696969e-01,2.091371024446720961e-01,-1.224804309053958984e-01,1.284560551265708783e-01,2.794582413485291461e-01,1.931838133146331809e-03,-2.676990583185759331e-01
-1.565996736835140735e-01,-1.518811562033910989e-01,-4.178225875982992110e-01,1.199696701441601843e-01,1.934316238485542794e-01,-1.526984830753435607e-01,3.723805525247786408e-02,1.233116742652865944e-01,-1.101334673677186043e-01,-3.089281883118147332e-01
-2.697148509607962819e-01,-3.828097248622915755e-02,-5.841457509780767499e-01,9.340984512354681690e-02,2.048718513611199887e-01,-1.865408222231469126e-01,1.058428677356247453e-02,6.807089645784779319e-02,-3.732712268775884579e-01,-2.510023812320150149e-01
-1.144739492743306331e-01,-2.329911829105257293e-01,-4.795158889693599824e-01,2.508517032598545637e-01,1.996851387766422348e-01,-3.208831051944865398e-01,-1.689531958745118523e-01,3.649016160530330760e-02,-2.675883925858417722e-01,-7.522440669133280411e-02
9.251549844099904440e-02,-3.083001208589780107e-01,-5.056730733606299433e-01,3.603913251832167597e-01,7.718024842900507443e-02,3.165384455757825830e-03,-9.110404978405418908e-02,2.766319838615632215e-02,-3.007633306624270531e-01,-3.952083234052811145e-01
1.896944105201685826e-01,-4.107630568436340668e-01,-3.321843222955715991e-01,1.075986529704600347e-01,-1.748582738272882672e-02,7.528282923497892076e-02,-1.305690570772177483e-01,1.087296662914296330e-01,-2.744322727935025741e-01,-2.137058315249479590e-01
6.241958504426033116e-02,-1.626881550333825477e-01,-8.701473349570287841e-02,-4.326387527368787400e-01,2.050828554682888327e-01,-4.636839746938765106e-01,1.394511561101930142e-01,-1.614767394159187519e-01,1.584229043758693667e-01,-5.378171494427876898e-01
1.633327666523351762e-01,-3.280027711590411954e-01,2.974052220500411278e-02,-5.238064202388456048e-01,3.407636320671549313e-01,-5.937835863935401193e-01,3.761722529923390290e-01,-2.637036536204419024e-01,4.108607090625331915e-01,-5.334685445570235274e-01
1.618272655364464963e-01,-3.066816568092844419e-01,2.716446450169486271e-01,-3.777123884231046169e-01,2.614148674750683618e-02,-3.978820632546956615e-01,5.002012069164034624e-01,-8.502006559193941992e-02,1.032612842827859007e-01,-3.892358501010024230e-01
4.161597099241493014e-03,-2.441014384352428734e-01,3.204065098291174474e-01,-2.763799481954485326e-01,1.996792989243995065e-01,-1.792185661217800263e-01,1.626775484693601947e-01,3.267311765564814841e-02,-1.555567569340145923e-02,-3.960277376105645897e-01
-1.649114176677426435e-01,1.012174194917684206e-01,2.541515207493791895e-01,-3.487536068206247286e-01,4.168142728302333400e-02,-1.086739413403562254e-01,-1.976615233809394037e-02,1.065308123483211661e-01,-2.895578332573197633e-01,-3.748774573547219990e-01
-2.652272884753783533e-01,1.172821923744492012e-01,1.622728468990655704e-01,-2.870698395115742207e-01,1.375486949170902085e-01,-2.129444102443834863e-01,-5.501193086578713698e-02,1.507565620993520650e-01,-1.916837886435338589e-01,-3.242694467690758753e-01
-2.678201932815795216e-01,2.646346058200365059e-01,1.979763738889972827e-02,-3.990366695498508420e-01,8.423480114166703725e-02,-2.032436244830143623e-01,-3.022708397901683816e-02,-1.680903255128265300e-02,-2.083707354530901501e-01,-2.803854574852533976e-01
-3.967593035704035653e-01,2.995175925344999990e-01,-2.217363615127457277e-01,-4.515095775471212325e-01,3.846381100093427402e-02,-6.193220660913282410e-02,-1.200028836513743619e-01,1.263873939812027170e-01,-2.092528007853367289e-01,-2.943890840392298647e-01
-4.482363953195643846e-01,1.169437213706022577e-01,-2.257038981393609534e-01,-3.246953088448473190e-01,3.052115729268332078e-01,-1.336675647519393884e-01,-1.078850823588402424e-01,9.577224288901126092e-02,2.625120543577532523e-02,-2.455089856192409214e-01
-3.378757435872969395e-01,6.632642242967551685e-03,-2.757851890936812156e-01,-1.757213792014992726e-01,4.007340524308336538e-01,-9.786652966942761822e-02,-1.502465483964307846e-01,6.267154606228948766e-02,2.098395202552787164e-02,-2.183964879641161205e-01
-1.612161743585505125e-01,-8.166162913234135956e-02,-3.376159458383427570e-01,1.331762823229454273e-02,3.618887946380880960e-01,-4.449301284302421833e-02,-3.787116315170685477e-02,4.793288629990955646e-02,-8.098976585747939827e-02,-1.079618580932181493e-01
-1.073214322860579634e-01,-5.791612450468278800e-02,-4.669930325048858299e-01,1.416137337154263209e-01,2.425886072448804331e-01,1.610060393485418170e-02,-4.764057862587547931e-02,-1.328558793168381769e-01,-7.261150895836016028e-02,-9.324051895629388576e-02
-4.925107501471499838e-02,-3.108051706098767172e-02,-5.419875130073990022e-01,4.082845722668197036e-02,1.852114445981443702e-01,-1.822635646845801316e-01,-8.905989203868629189e-02,-1.294624541192931078e-01,-1.473053908266590273e-01,-1.983805694423613486e-01
-1.315234702862823346e-01,-1.170405348421557773e-01,-6.152879330330879304e-01,2.442967877460633375e-01,1.523669894113114931e-01,-2.356018144371727074e-01,-2.387375385684127257e-02,-1.469162351895723639e-01,-1.262887832752918604e-01,-7.545343674871492212e-02
-4.086874159374751653e-02,-4.285059836052734217e-01,-4.508752828854586392e-01,3.864281370962631690e-01,1.700971915325980022e-01,-6.136916578248603586e-03,6.490145128743964043e-02,-1.029575246220953977e-01,-2.689195377273629478e-02,-1.814909410797955203e-01
1.589755518189727920e-02,-3.431386507544673670e-01,-2.766764243811547508e-01,1.227379950784520113e-01,1.154560219515190639e-01,2.008704661499578492e-01,8.755215818508058079e-02,3.579069850175946310e-02,-2.840549822940371949e-01,-1.802675145753084573e-01
3.757798171313200125e-02,-2.620970923275623421e-01,4.276992021695387100e-03,-2.527380518084633154e-01,1.391267543207285462e-01,-4.292887727616071514e-01,1.959275472552067521e-01,-2.663539609721006229e-01,2.419246028216855138e-01,-3.537137992765123085e-01
1.089897371112731606e-01,-3.091959491530049675e-01,2.528676428546669519e-01,-3.649773147215538693e-01,-5.715942279134100107e-02,-5.381767143070398385e-01,3.517508491330059717e-01,-9.239433771495261793e-02,4.931414424951910958e-01,-5.023949117804286102e-01
4.451370606980452338e-02,-1.403961976686658175e-01,1.876967500372787867e-01,-3.006040500536014126e-01,-7.146773069099852937e-02,-4.500460923783330958e-01,3.826338382533350790e-01,-3.675315868601871511e-02,2.243364488223404674e-01,-3.768830951862990331e-01
4.723164152020861359e-03,-6.033866064230090226e-02,1.246644408007733518e-01,-2.971420475318635734e-01,-8.258422095190953716e-02,-3.768045316773400155e-01,3.042541053414882235e-01,8.624265943416216385e-02,1.558596074157174993e-01,-3.856076725553934104e-01
-3.540941134442827237e-02,-9.959080598778162485e-02,1.135170654835742365e-01,-2.322986734111247842e-01,3.068751975041626723e-02,-1.705640209356048820e-01,2.169774108501580992e-02,1.264043574913597812e-01,-1.864212017791326004e-01,-4.073598663964207445e-01
-8.498488189471331555e-02,9.841956175087707148e-02,2.062749762514588525e-01,-3.124766461132619244e-01,1.585606796279926956e-01,-2.446302226262581925e-01,-1.597711671553305179e-01,1.421306560224600279e-01,-2.834856900622693132e-01,-3.441787422561114473e-01
-2.596460404211745621e-01,1.667000494159378843e-01,1.456133702649327066e-01,-3.904796131529881253e-01,1.299402738709901639e-01,-2.462302827050395493e-01,-1.938116156696535197e-01,6.634699232908074229e-02,-3.134221187243783624e-01,-2.337129219844661376e-01
-3.810377435920795919e-01,1.722818361426926570e-01,-1.090099609232614425e-01,-3.372086782875948763e-01,2.859131402167171543e-01,-1.844682471110558331e-01,-1.702181879835590883e-01,1.502051454802217356e-01,-3.282325210087336798e-01,-2.704331535509046924e-01
-4.198944315993023979e-01,2.136195432404419392e-01,-2.807583106449015875e-01,-2.094066709929040815e-01,4.796828157878191834e-01,-1.520086832548419309e-01,-2.571960659816824313e-01,-2.148761953968725824e-01,-5.976301371875380325e-02,-2.461719194150708556e-01
-1.444082307740258975e-01,1.118057344144046811e-01,-3.381515853223611145e-01,-1.996453739979595354e-01,4.300300604886422295e-01,-5.569929173843661541e-02,-1.469419380596718172e-01,-6.191281981969318227e-02,-3.663519627782487603e-02,-2.417844611923615217e-01
-4.509928454125948505e-02,-1.163476448240378762e-02,-4.649354072341311817e-01,-1.021048641776576144e-01,3.519031895890805672e-01,-2.060654659497370214e-02,-3.092288984950594677e-01,-1.113456654466280366e-01,2.473512203565585502e-02,-1.948289302182592830e-01
-1.559363201394336207e-01,-5.622100039355364988e-03,-3.584470043870540690e-01,-3.633539071560089317e-03,4.431353129527295653e-01,5.764308684742405764e-02,-1.241426575837401014e-01,-2.207152213972697341e-01,-4.873339326387009229e-02,-2.213826837200781883e-01
-1.403599227122866999e-01,2.856508143887745085e-02,-3.807209050732175415e-01,7.541846612805229444e-02,2.265833919877794922e-01,-7.437888535873589391e-02,-1.978744260667461563e-01,-2.101415041750490098e-01,-3.084911917841722667e-02,-1.660946321127600989e-01
-8.178672679036068371e-02,-7.712045187201529983e-02,-3.846946206285397629e-01,1.540572462103595441e-01,1.495449092795708701e-01,-4.059996020818255891e-02,1.606644061127205161e-02,-2.324584813916048265e-01,-3.047979325321913818e-02,7.692539477322861766e-03
-8.452793052692719744e-02,-2.624346917766430254e-01,-3.341264345895233467e-01,4.107486482107334802e-01,3.444938717451233312e-02,9.356850089029059014e-02,1.440103692866973317e-01,-3.056682147082048773e-01,1.152044587768611406e-01,-3.225164161803635576e-02
-1.534655681651850290e-01,-1.772088542458168381e-01,-1.302573504748167355e-01,4.100151040920847478e-01,-7.291261750256346208e-02,2.349205938468871546e-01,2.025932726265481654e-01,-1.646931411364719877e-01,1.609963373069025483e-01,-2.195107407629782459e-01
7.318018453821827085e-02,-5.269043758738599648e-01,2.055829428648617285e-01,-8.577024399409131916e-02,1.559979925095840714e-01,-1.804248526221097493e-01,2.285704000191449148e-01,-2.076218605092894631e-01,4.843796426933992538e-02,-3.799914845665563479e-01
2.029287429464152540e-02,-3.785212798091014963e-01,3.074623063704151060e-01,-1.732816061992651091e-01,6.404795460510948057e-02,-2.441093429522653291e-01,1.049975393880706459e-01,-2.731945339396745220e-01,4.394992676320867986e-01,-4.056203514859017534e-01
1.555807491473537030e-01,-1.819810169363753338e-01,9.607037078228852778e-02,-2.304704737560492045e-01,-8.701455662041449046e-02,-3.285039429446723891e-01,3.452743065124525002e-01,-5.580416038480869034e-02,1.897232810802856329e-01,-3.818868967178074003e-01
1.049384781348007001e-01,-1.050264675480078735e-01,1.192825176415743781e-02,-2.624359766749811973e-01,-5.683918107015200477e-02,-3.013330550094641125e-01,2.760287467253457194e-01,-9.737687189991750536e-02,9.914526303726674261e-02,-2.949319650607865051e-01
1.379613487533184850e-02,1.264028430157898390e-02,-6.615615011113898380e-02,-2.655272524547681035e-01,-6.279095983691072858e-02,-1.195655626297981999e-01,4.407261793670212702e-02,1.049703337576939413e-02,9.759353199956813385e-02,-3.719963318954491727e-01
-5.811076691967989594e-02,3.697082829519585806e-02,5.424519252493995719e-02,-2.383855538452369083e-01,1.899223524967216803e-02,-1.414733884932846963e-01,-9.867324539924478277e-02,7.712687094813866495e-02,-1.147784563065689517e-01,-2.836682184048933686e-01
-1.623562226660929808e-01,5.911944408388099953e-03,2.498072862769009916e-01,-3.082355378637403054e-01,9.069999830852115696e-02,-1.659939976276993967e-01,-1.719319604444176919e-01,6.917669580049479183e-02,-4.335996863570361071e-01,-2.868227681334208357e-01
-1.960020167194789220e-01,-2.526218861883710448e-02,-2.966311383930467227e-02,-1.304509014265717859e-01,1.575065477408639503e-01,-4.828843978534573533e-02,-6.353844701064943756e-02,7.127805460464678618e-03,-2.160037395452763798e-01,-3.011203235583948534e-01
-3.264859713637081884e-02,6.673136456712755460e-02,-1.514211926314168455e-01,-9.067307197355821413e-02,3.132575281247366727e-01,-3.220335204986420757e-02,-1.349001750795930654e-01,-7.899407716238572574e-02,-2.424077116432921397e-01,-4.058532045681191303e-01
1.635381139794385985e-01,-4.478832369628234222e-02,-1.361502611630442672e-01,-7.555521875953473410e-02,1.856857363027722696e-01,8.112080713353830852e-02,-5.673288815807110697e-02,-6.211694290272721380e-02,-3.008459972081599654e-01,-3.933460828375355267e-01
8.617365512805871819e-02,-8.512369255823122594e-02,-2.953325441970979237e-01,-1.114509907891803736e-01,1.962956842636615074e-01,-7.606159097180203998e-02,-2.182687244513726796e-02,-9.210432873151046251e-02,-1.597688611776025835e-01,-2.554659026423254375e-01
-1.648335335747381711e-02,7.351523472466921227e-02,-2.014279118246677935e-01,7.260855016251549499e-02,9.875248816694914833e-02,5.555987203442740163e-03,-7.816645968460969596e-02,-1.928768720691659277e-01,-9.601302883552764733e-03,-2.484739650214378981e-01
-8.926917945979434554e-02,1.635645927559795931e-01,-1.876998756317021372e-02,-1.862743090252571426e-02,5.982189819901105599e-02,-2.510593542167031608e-02,-1.358693240489053655e-01,-3.765776674308640715e-01,-1.005732886955667399e-01,-2.396159858120482100e-01
-1.531570746436192731e-01,1.128126433863001626e-01,-1.379230439960087984e-01,2.218060592702028044e-01,7.826538776908176231e-02,-2.847405564023830493e-02,-1.111076019643846280e-01,-3.314406895025181488e-01,2.368379332950269756e-01,-2.153013767687290692e-01
-2.787780966099913660e-01,-1.622227394548943491e-01,-6.649075411400473534e-02,2.382366649368176381e-01,4.161437162375387910e-02,9.551473737770602157e-02,9.381182248238591204e-02,-2.944728654374417776e-01,1.822997123495445349e-01,1.019211432893913222e-01
-1.712145969298316528e-01,-1.142899966183554827e-01,-8.650178108007437749e-02,1.906604828429040721e-01,-1.917891422418224745e-02,7.978630494504879156e-02,2.910227537860141656e-01,-1.674079981380824644e-01,1.611820892120467696e-01,-1.212743839956205091e-02
1.663960823895064764e-02,-3.405957089992998066e-01,3.233719446096895989e-01,2.118562541566623367e-02,-2.072930608778176045e-02,-6.379065726646233371e-03,2.245520191920584996e-01,-2.268528229200229007e-01,-2.427301308156368936e-02,-1.798952989225771348e-01
1.823706585276858166e-02,-2.095733752185790777e-01,-1.653692480225861169e-02,-1.850796780109581485e-01,-7.278612902061736001e-02,-9.055703846482825170e-02,1.696166091612985871e-01,-2.413775087711899914e-01,8.659642086324827182e-02,-1.711973645873498262e-01
6.733836515711284776e-02,-3.542089151739315211e-02,9.933487941114634012e-02,-9.987612107248541871e-02,-1.832429108689694608e-01,-1.071991353746601233e-01,3.438615290481079612e-01,-1.461147971898420495e-01,-1.660327532772774839e-01,-3.597967463139569166e-01
1.260975216583223035e-01,3.250501765223563766e-02,1.564011896831569159e-01,-7.014473400785364333e-03,-1.229203974083973167e-01,-5.705284760948715894e-02,2.979840069001646330e-01,-1.636471358481347282e-01,-7.819257705444727924e-02,-3.063232983576822943e-01
9.101707531940403384e-02,4.090809314437043875e-02,2.803283982359662252e-01,1.370654418312372558e-02,-1.966184674529867504e-01,7.955221059596227426e-03,2.827798434435037089e-01,-2.234223551195980983e-01,-1.200571642635905184e-01,-1.306189861767692584e-01
1.541142546533435242e-01,8.450986032009645543e-02,1.898572678944691894e-01,2.512837179551685729e-02,-1.569658114912202418e-01,1.959690202576519213e-01,-2.809892584383553646e-02,-7.938406342128602466e-02,-2.052385690112775406e-03,-1.767678817732278029e-01
8.384341510456816415e-02,1.178126423165850728e-01,2.174196545980054684e-01,-1.047986156919274991e-01,-1.656835114072513493e-01,5.628365663164256599e-02,5.793234672994883316e-02,-1.172784827553678133e-01,-1.681037830002851674e-01,-1.447114945101824479e-01
2.851869018597376071e-01,-3.484944801408777076e-02,2.616619173626721917e-01,1.710040608620171446e-02,-7.738088240994625555e-02,4.622854936120788377e-02,-3.706612786593453668e-02,-2.150035403845115545e-01,-4.290883347225155076e-01,-1.705561268200558311e-01
2.470187208498991760e-01,3.806888049434477977e-02,3.034992603160420188e-01,-1.569247607230740693e-01,-1.903261215429791209e-01,4.351686994503334988e-02,-1.560951994025711331e-01,-2.097764760098393688e-01,-3.151691417695335895e-01,-1.248726575261279170e-01
9.020085926747134497e-02,1.782764844569806606e-01,2.712535221138744901e-01,-8.210894509155479415e-02,-9.282584582196880263e-02,-5.798870143119625592e-02,-7.167849639160329966e-02,-3.217347573656246795e-01,-2.437101886111149585e-01,-1.825521632467524968e-01
-9.317953006102272506e-02,1.005392155902149059e-01,2.776633881146153282e-01,-2.106387508572085676e-01,-1.201016324764464099e-01,-1.134508003102682877e-01,-1.296823887026944955e-01,-3.432914843835442320e-01,-1.214190328776520444e-01,-9.014962033730818114e-02
-1.086417363709059059e-01,8.328445598099770697e-02,2.549828554571241801e-01,-1.595794435326602367e-01,2.691421562254585689e-02,-1.446999483021308153e-01,-2.692834963751191135e-01,-4.164354727515950927e-01,-1.575591592997714618e-01,-1.056883423897139879e-01
-1.710863179977187010e-01,1.450202812587368106e-01,5.799922831500918530e-02,-6.222640641611729834e-02,-3.851891853253949782e-02,-4.124998680659951872e-02,-2.880510629390776178e-01,-4.180144877219819644e-01,-1.366920058590714582e-01,-2.785481530589125621e-01
-3.206830968291021766e-01,1.407307049531477394e-01,6.199485381250271349e-02,1.728698538937886720e-02,2.396387703736769029e-02,-9.613062510432469898e-02,-7.851211164970504919e-02,-4.399300588628011210e-01,-1.579912703167568044e-01,-1.308342706944969625e-01
-3.462800449108028866e-01,2.761404466420128712e-01,8.451627367478427300e-02,1.082294539865546884e-01,-1.125623508955276991e-01,-1.302234690573783327e-01,2.185095125122222398e-02,-3.197956997449996619e-01,1.209687104982071215e-02,1.085715620724412855e-01
-1.772203385753403637e-01,1.991720335645902895e-01,1.290671007182912500e-01,4.545690424067617280e-02,-1.072157309986306317e-01,-3.447194961405672387e-02,7.024819218380723429e-02,-1.668655547198495959e-01,5.111989418773153077e-02,2.197670953233946817e-02
-9.456293302975993242e-02,-9.696336881390378581e-02,2.427504695532682610e-01,8.871178449776877251e-02,-1.874255698857299479e-01,7.072887783956488539e-02,2.341784140516840751e-02,-3.262752172743313417e-01,-2.001394648052852998e-01,1.031031298634995652e-01
-1.156977433529354227e-01,4.426507639210735395e-02,1.831853223979788559e-01,-8.888443014348186566e-02,-3.941972246347235087e-01,2.540466071096883494e-01,3.196144305841500111e-02,-3.215104768153337900e-01,-3.024705221636808661e-01,-9.607813655512163764e-02
-5.649838294951679829e-02,-1.713110890636270964e-02,2.269999634657467735e-01,-1.018755614638397339e-01,-3.985072007638890135e-01,1.669650250531632407e-01,7.403164149689997475e-02,-2.887982863385685772e-01,-2.929793001540552111e-01,-1.801276176437545118e-01
-1.066162644746936339e-01,-1.819139334697327248e-01,2.359680217434160510e-01,-3.439615846454538873e-03,-3.848773985310761092e-01,1.100327281726331680e-01,5.228349356195103464e-02,-3.532640320831318403e-01,-1.083161830248512703e-01,-7.627432252976944216e-02
-4.399759474197123543e-02,-7.727887447258904863e-02,3.518656717338235901e-02,7.992522412583341618e-02,-4.496951509609384279e-01,1.538509498746534754e-01,1.940856148985238838e-01,-4.141127845724583700e-01,-1.030243859156185771e-01,-1.153375834315110843e-01
1.439566767521459900e-01,-1.611545951607621652e-01,4.882314514936102016e-03,1.337630536989436181e-01,-3.217080247533048443e-01,-2.373288999434528326e-02,3.104517528295100415e-01,-3.241102857713458740e-01,3.630915150744307845e-02,-1.795259419210205043e-01
1.460831769900488297e-01,-2.024527355699151654e-02,1.587334526891114872e-01,2.764774362798353563e-02,-4.025683585710739254e-01,1.476793823157709386e-02,2.264693506003324364e-01,-4.043341064457011691e-01,1.054159217133777970e-01,-5.416644636697667131e-02
2.297808325265815743e-01,-1.425355454671971278e-01,1.546296459570326576e-01,1.489848444722775000e-01,-4.430981469742973911e-01,-9.696055908268015611e-02,2.113115748575898623e-01,-4.186468054324175569e-01,7.371596824837747808e-02,-1.577129413484811282e-01
1.233132070314599954e-01,-7.648896355573667205e-02,1.293575133200841609e-01,7.115079113197161909e-02,-3.963456364091605955e-01,-1.786869140111846110e-01,3.119139100387834929e-01,-3.831925020080983457e-01,-1.198826440673410182e-01,-1.716937782013461256e-01
-1.557030033847835448e-01,-8.407506991076751923e-02,3.051643530330821474e-01,9.248837429908296492e-02,-3.163025962330557883e-01,-1.047160085012717318e-01,1.362729779859514767e-01,-5.307548889437223583e-01,-9.997071379543163994e-02,-8.820302894389749071e-02
-2.139771160635644820e-01,-6.132818213652050862e-03,3.877500356338406950e-01,5.776843004260408948e-02,-2.529767063986261277e-01,-7.642632627807585677e-02,2.899752114570454745e-02,-5.733555696001169100e-01,-2.049197634138432422e-01,-2.124831423841362921e-01
-2.401182788713962235e-01,-2.578598294179363856e-02,3.585004692241489654e-01,8.845005084454006516e-02,-1.067783221357146844e-01,-6.443982260668972006e-02,-1.044213081604536131e-01,-5.330800399635871045e-01,-3.297169048227089339e-01,-8.217252505256994466e-02
-3.697949603269744534e-01,1.599898156389684481e-02,3.479323242997333088e-01,1.373949282168097745e-02,3.213946636124639239e-02,-1.319653441013517448e-01,-1.876030804980698130e-01,-5.112572838465999636e-01,-4.059942762421958062e-01,-1.044840536162662398e-01
-4.557166211140786793e-01,1.459509238676982290e-01,3.547948465743980262e-01,-2.285981177278545787e-02,6.418373603151164217e-04,-2.466244955263493521e-01,-1.173370276455414363e-01,-4.277853014068883075e-01,-2.997351544110070654e-01,-4.296000298022533553e-02
-3.386166670477376295e-01,3.423127592797886587e-01,1.954223572612875659e-01,-2.860016581955558967e-01,-3.669917867521806099e-02,-1.369848216910314886e-01,-2.619834149479431940e-01,-3.612022283897957098e-01,-2.123072688456177082e-01,8.013457104541153730e-02
-1.797767483553250889e-01,3.243783852416528557e-01,3.026488051890480202e-01,-3.595276791950343109e-01,-1.028537209801712454e-01,-4.312327266654095159e-02,-2.332785749190466884e-01,-2.205361168861354748e-01,-2.536039264400307136e-01,-4.673418515341286328e-02
-1.765932462240998313e-01,1.940479211012736266e-02,6.059539017900888308e-02,1.429890226458561675e-01,-1.691667658955657294e-01,7.667767432525872395e-02,-5.979708419387735896e-02,-7.571155958653257023e-02,-2.778910474282018095e-01,1.089794151407330880e-01
-1.983155586807621162e-01,-6.762734565970068834e-02,1.936797356721766672e-01,1.546883048197073840e-01,-1.685515830707246809e-01,1.115464824408154976e-01,-6.137404785727952616e-02,-1.140745035401560109e-01,-9.327521085116652344e-02,7.526891942793180468e-02
-9.879604793713682442e-02,-2.055851371364009195e-01,1.771484522146412055e-01,2.824803035246712946e-01,-2.266184996630266901e-01,1.211981246718156630e-01,-7.553391293477380863e-03,1.287956105202832380e-02,-1.105242621845002188e-01,1.939837561824236944e-02
3.149847669788227722e-02,-1.148500269345222730e-01,4.710890074470640981e-02,8.854628430779462600e-02,-3.167198478316605725e-01,5.540214677157597606e-02,9.605250090653737194e-03,-1.806368032552579106e-01,-4.516858035059238830e-02,-6.950738737251080379e-02
5.792330720137754685e-02,-4.057021221734871674e-02,-5.182058104083894085e-02,-2.126312431099884048e-01,-4.872631913277237770e-01,7.588429594477173745e-02,6.781090278419701911e-02,-2.379285878095659390e-01,1.534213088872209418e-01,-2.309119852223352753e-01
1.632830979513496539e-01,-1.737308273686354598e-01,3.633752793341530479e-02,-1.457059879724352247e-01,-3.270866521861798826e-01,6.817497732271320110e-02,1.533607126409781973e-01,-1.697629127145343919e-01,9.275794919984009512e-02,-4.471647593124229991e-01
4.094175784179038269e-02,-7.759179563588965156e-02,-5.037545244055585680e-02,-6.354515261109854041e-02,-3.297978839746236734e-01,1.196403520301279055e-01,3.925591925497842749e-02,-2.273784112464141693e-01,1.469730457788969991e-01,-2.240833029740694760e-01
-3.108423188085468122e-02,3.748032929970196436e-02,-9.169033213655202949e-03,-2.750116541769432113e-02,-2.021004848488330563e-01,7.972458471843490990e-02,1.445526943072678316e-01,-2.315020216583824619e-01,-5.737511034341553212e-02,-3.039068476992072276e-01
-7.747989765902282833e-02,3.461161129829790767e-02,-9.727858588768993620e-02,4.983077861304618592e-03,-2.867471354087388624e-01,8.563233786689032623e-02,2.564443669457683872e-01,-2.155374902395862102e-01,5.940466662289517474e-02,-1.765161822465708408e-01
-9.152271973528509560e-03,1.130781367877053828e-01,-5.728151131101311827e-02,-1.828309116127034839e-01,-1.539751275877631331e-01,8.931452884149027049e-02,1.191597453476890278e-01,-3.101309359246660624e-01,2.066222966619951987e-02,-9.029657455365353025e-02
-6.849575350639203197e-02,1.184318037422392167e-01,2.085936025175532116e-01,-8.243462615378856218e-02,-1.879054228308802560e-02,6.621512709038664124e-02,-1.118325519181511130e-01,-3.505655562808082659e-01,1.453963864080254076e-01,9.859222924426419912e-03
-2.049227358068214655e-01,8.718920992382125923e-02,2.003389330607940333e-01,-5.260277564507871012e-02,8.385297858357013134e-02,-6.152423747412882893e-02,-1.650003467074471486e-01,-2.923969257504741570e-01,1.308412552174663401e-01,2.247636948200884902e-02
-2.644749052120617394e-01,1.459974451667388207e-02,3.739625468181351775e-01,-1.022942928997489925e-01,1.544544573035637192e-01,-1.340800977272868684e-02,-2.247393496225459364e-01,-2.516611624341715259e-01,-6.223843842391024034e-02,1.048440364008558084e-01
-2.057221079653453466e-01,1.131659208438641484e-01,2.735249812505907707e-01,-3.133842969903849474e-01,1.662249805134243252e-01,-6.370331556233600756e-03,-3.270174834409984022e-01,-2.213985079176913062e-01,-3.421317952458368117e-01,-4.630805688153894623e-02
-2.415280061741520157e-01,1.366878822030371532e-01,2.985862790779764686e-01,-2.897161718135546904e-01,5.846857834476526516e-02,-2.153137774872930163e-02,-3.082698018204523271e-01,-2.141267776923526656e-01,-3.044779217203755772e-01,3.565748099397893917e-02
-1.599677453801130744e-01,1.263228201656480809e-01,2.052191885544253080e-01,-1.186405433223882838e-01,3.532190618020743245e-03,-7.922716212411479164e-02,-2.049498165635489644e-01,-1.044361546118354467e-01,-2.062002850979846591e-01,-6.207658640803894595e-02
